3.980280000000000000e+05
4.162330000000000000e+05
3.885260000000000000e+05
3.981880000000000000e+05
3.731140000000000000e+05
3.887240000000000000e+05
4.106450000000000000e+05
4.008420000000000000e+05
3.729750000000000000e+05
3.902820000000000000e+05
4.074310000000000000e+05
3.978670000000000000e+05
3.832450000000000000e+05
4.139920000000000000e+05
4.017600000000000000e+05
4.143600000000000000e+05
3.727380000000000000e+05
4.091270000000000000e+05
3.878920000000000000e+05
4.045240000000000000e+05
4.089070000000000000e+05
3.829150000000000000e+05
4.063590000000000000e+05
4.021340000000000000e+05
3.371270000000000000e+05
3.892650000000000000e+05
3.894920000000000000e+05
3.928580000000000000e+05
3.894900000000000000e+05
4.106680000000000000e+05
3.729880000000000000e+05
3.652900000000000000e+05
